- src: selected/Big White 001.JPG
  aspect: 1.3333333333333333
  date: 2013-02-17T22:25:00.000Z
- src: selected/Big White 004.JPG
  aspect: 0.75
  date: 2013-02-18T16:35:52.000Z
- src: selected/Big White 024.JPG
  aspect: 0.75
  date: 2013-02-20T19:51:36.000Z
- src: selected/Big White 027.JPG
  aspect: 1.3333333333333333
  date: 2013-02-20T21:24:35.000Z
